err_6=-0.11345098477318283
err_5=-0.0011313428641935848
err_4=-0.0014026959895601047
err_3=-0.0044611634888810795

w_56=0.3730832575511738
w_46=0.6795944676746347
w_36=-0.6293931567245736

err_2=NA
err_1=NA
w_25=0.4773731427161283
w_24=-3.028053919791202
w_23=1.9107767302223784
w_15=3.9886865713580644
w_14=1.985973040104399
w_13=-3.0446116348888106
